<?xml version="1.0" encoding="UTF-8" standalone="no" ?>
<COLLADA xmlns="http://www.collada.org/2005/11/COLLADASchema" version="1.4.1">
    <asset>
        <contributor>
            <authoring_tool>SketchUp 14.0.4900</authoring_tool>
        </contributor>
        <created>2015-09-03T21:00:35Z</created>
        <modified>2015-09-03T21:00:35Z</modified>
        <unit meter="0.0254" name="inch" />
        <up_axis>Z_UP</up_axis>
    </asset>
    <library_visual_scenes>
        <visual_scene id="ID1">
            <node name="SketchUp">
                <node id="ID2" name="instance_0">
                    <matrix>-0.5 -0.8660254 2.819966e-017 7.874016 0.8660254 -0.5 -4.884325e-017 5.080414e-014 5.639933e-017 -5.854827e-032 1 4.440892e-016 0 0 0 1</matrix>
                    <instance_node url="#ID3" />
                </node>
            </node>
        </visual_scene>
    </library_visual_scenes>
    <library_nodes>
        <node id="ID3" name="Component_2">
            <node id="ID4" name="instance_1">
                <matrix>1 0 0 0 0 1 0 0 0 0 1 0 0 0 0 1</matrix>
                <instance_node url="#ID5" />
            </node>
        </node>
        <node id="ID5" name="Component_3">
            <node id="ID6" name="instance_2">
                <matrix>-1 -8.479296e-016 -7.959559e-016 7.874016 -1.033078e-015 0.3333339 0.9428089 7.105427e-015 -5.341165e-016 0.9428089 -0.3333339 5.002105e-015 0 0 0 1</matrix>
                <instance_node url="#ID7" />
            </node>
            <node id="ID20" name="instance_3">
                <matrix>-0.8660254 0.5 5.639933e-017 3.937008 -0.5 -0.8660254 -8.256822e-033 6.819098 4.884325e-017 -2.819966e-017 1 9.331974e-015 0 0 0 1</matrix>
                <instance_node url="#ID21" />
            </node>
        </node>
        <node id="ID7" name="Triangle">
            <instance_geometry url="#ID8">
                <bind_material>
                    <technique_common>
                        <instance_material symbol="Material2" target="#ID10">
                            <bind_vertex_input semantic="UVSET0" input_semantic="TEXCOORD" input_set="0" />
                        </instance_material>
                        <instance_material symbol="Material3" target="#ID16">
                            <bind_vertex_input semantic="UVSET0" input_semantic="TEXCOORD" input_set="0" />
                        </instance_material>
                    </technique_common>
                </bind_material>
            </instance_geometry>
        </node>
        <node id="ID21" name="Component_1">
            <node id="ID22" name="instance_4">
                <matrix>1.34454e-016 0.3333332 0.9428091 -1.523872e-016 1 -4.033623e-016 -8.492524e-033 1.262177e-029 3.802937e-016 0.9428091 -0.3333332 -8.88178e-016 0 0 0 1</matrix>
                <instance_node url="#ID7" />
            </node>
            <node id="ID23" name="instance_5">
                <matrix>0.2886752 0.8333333 -0.4714046 0 0.4999999 0.2886752 0.8164966 0 0.8164966 -0.4714046 -0.3333332 0 0 0 0 1</matrix>
                <instance_node url="#ID7" />
            </node>
            <node id="ID24" name="instance_6">
                <matrix>0.8660254 -0.5 5.645442e-032 0 0.5 0.8660254 2.547759e-032 0 -6.162976e-032 6.162976e-033 1 1.577722e-030 0 0 0 1</matrix>
                <instance_node url="#ID7" />
            </node>
        </node>
    </library_nodes>
    <library_geometries>
        <geometry id="ID8">
            <mesh>
                <source id="ID11">
                    <float_array id="ID17" count="18">7.874016 -3.655234e-016 6.310887e-030 0 0 0 3.937008 6.819098 6.310887e-030 3.937008 6.819098 6.310887e-030 0 0 0 7.874016 -3.655234e-016 6.310887e-030</float_array>
                    <technique_common>
                        <accessor count="6" source="#ID17" stride="3">
                            <param name="X" type="float" />
                            <param name="Y" type="float" />
                            <param name="Z" type="float" />
                        </accessor>
                    </technique_common>
                </source>
                <source id="ID12">
                    <float_array id="ID18" count="18">-4.930381e-032 -1.725633e-031 -1 -4.930381e-032 -1.725633e-031 -1 -4.930381e-032 -1.725633e-031 -1 4.930381e-032 1.725633e-031 1 4.930381e-032 1.725633e-031 1 4.930381e-032 1.725633e-031 1</float_array>
                    <technique_common>
                        <accessor count="6" source="#ID18" stride="3">
                            <param name="X" type="float" />
                            <param name="Y" type="float" />
                            <param name="Z" type="float" />
                        </accessor>
                    </technique_common>
                </source>
                <source id="ID13">
                    <Name_array id="ID19" count="0" />
                    <technique_common>
                        <accessor count="0" source="#ID19" stride="1">
                            <param name="skp_material" type="Name" />
                        </accessor>
                    </technique_common>
                </source>
                <vertices id="ID14">
                    <input semantic="POSITION" source="#ID11" />
                    <input semantic="NORMAL" source="#ID12" />
                </vertices>
                <triangles count="1" material="Material2">
                    <input offset="0" semantic="VERTEX" source="#ID14" />
                    <p>0 1 2</p>
                </triangles>
                <triangles count="1" material="Material3">
                    <input offset="0" semantic="VERTEX" source="#ID14" />
                    <p>3 4 5</p>
                </triangles>
            </mesh>
        </geometry>
    </library_geometries>
    <library_materials>
        <material id="ID10" name="material">
            <instance_effect url="#ID9" />
        </material>
        <material id="ID16" name="material_0">
            <instance_effect url="#ID15" />
        </material>
    </library_materials>
    <library_effects>
        <effect id="ID9">
            <profile_COMMON>
                <technique sid="COMMON">
                    <lambert>
                        <diffuse>
                            <color>1 1 1 1</color>
                        </diffuse>
                    </lambert>
                </technique>
            </profile_COMMON>
        </effect>
        <effect id="ID15">
            <profile_COMMON>
                <technique sid="COMMON">
                    <lambert>
                        <diffuse>
                            <color>0.6705882 0.6901961 0.8 1</color>
                        </diffuse>
                    </lambert>
                </technique>
            </profile_COMMON>
        </effect>
    </library_effects>
    <scene>
        <instance_visual_scene url="#ID1" />
    </scene>
</COLLADA>
